OBHIC-AL001288 98.9999 101.334 101.896 96.0381 96.3223 99.3009 96.7769 98.5898 97.5434 96.1384 98.219 94.855 96.0554
OBHIC-AL001372 97.2445 99.0215 100.287 97.2138 97.121 97.3288 98.1801 96.8224 95.0513 99.2599 102.257 97.3841 97.8403 100.123
OBHIC-AL001286 98.6428 98.2882 96.0809 100.973 102.145 97.4763 99.1983 98.1722 98.4449 98.5154 97.2561 103.986 97.3781 97.5133
OBHIC-AL001370 101.596 102.915 100.847 97.4983 99.941 101.804 103.412 106.787 103.001 98.7022 100.552 99.5293 97.8801 99.4444
OBHIC-AL001454 99.2501 98.7426 97.3562 96.0272 97.0226 99.4183 98.4578 99.352 97.0086 96.7927 98.7435 99.8357 100.765 99.5325
OBHIC-AL001744 97.5443 101.558 96.5993 96.4847 98.6196 99.6941 96.473 101.007 97.0946 96.57 97.1232 97.9664 105.078 105.209
OBHIC-AR001040 97.4907 96.6277 96.8592 107.61 97.4002 95.6153 97.7789 96.2714 96.9484 97.1672 98.1158 97.5338 95.8099 98.6548
OBHIC-AR001412 97.7381 98.8412 101.434 98.9732 99.1738 97.902 97.7424 99.5671 96.5002 97.2261 99.1972 102.42 98.9438 96.4255
OBHIC-BL001218 95.5009 98.9062 96.2997 99.2875 100.121 98.2242 97.081 97.2788 102.766 97.0549 98.0014 101.095 94.6295 96.2445
OBHIC-AL001287 97.176 98.8106 96.507 100.386 95.4137 101.648 98.2094 102.034 98.0322 96.8796 97.6899 95.8482 100.604 96.931
OBHIC-AL001288 98.9999 101.334 101.896 96.0381 96.3223 99.3009 96.7769 98.5898 97.5434 96.1384 98.219 94.855 96.0554 102.646
OBHIC-AL001289 98.3676 99.8536 95.7825 97.1382 98.346 103.308 105.236 96.1036 99.4184 96.6482 96.3641 98.5533 96.9007 98.4932
OBHIC-AL001290 98.0677 97.7875 96.2753 96.2336 98.4614 97.8259 96.8308 97.6706 97.1734 100.409 101.64 96.6995 96.0257 96.8647
OBHIC-AL001291 99.3191 101.24 99.6945 97.9114 98.4262 97.3081 98.844 97.0081 98.3295 95.9981 96.0846 102.652 98.7167
OBHIC-AL001371 102.804 97.368 96.7772 96.4677 97.8047 95.5969 96.635 96.9519 98.1407 97.0874 97.1972 97.6328 96.0246 99.0656
OBHIC-AL001372 97.2445 99.0215 100.287 97.2138 97.121 97.3288 98.1801 96.8224 95.0513 99.2599 102.257 97.3841 97.8403 100.123
OBHIC-AL001373 97.3887 99.9765 95.4899 98.8006 98.2886 101.24 97.9672 97.5738 96.9274 100.281 98.0357 97.4936 97.7629 96.3968
OBHIC-AL001374 98.9991 99.0974 102.877 96.0795 96.4892 98.9339 97.1947 97.2044 98.9476 97.4708 99.7488 98.7284 99.3338 94.1662
OBHIC-AL001441 96.585 97.5979 100.344 98.0555 96.6954 98.6496 97.3681 95.817 96.349 104.22 98.1759 96.3292 98.2199 97.06
OBHIC-AL001455 101.379 99.6355 100.199 97.5049 96.8373 96.4513 100.126 98.3514 97.6687 97.4129 99.2059 101.664 97.5456 97.9166
OBHIC-AL001666 86.7735 87.5655 88.3586 88.8214 90.2488 96.9465 100.578 89.5952 88.8198 89.9612 82.0833 84.0988 86.5971 86.5801
OBHIC-AL001667 98.1866 99.8936 100.272 103.231 100.003 98.8406 100.274 99.238 99.5698 101.943 101.498 100.901 98.0376 99.9166
OBHIC-AL001668 101.521 96.3466 103.158 97.6609 96.4115 99.0346 98.9659 99.4329 102.654 99.3136 101.691 102.465 108.003 99.8127
OBHIC-AL001669 97.5864 96.4503 101.608 99.7146 99.6675 97.8465 98.8308 97.0053 97.8278 96.8964 99.783 98.9785 99.9651 100.34
OBHIC-AL001745 100.799 102.019 101.42 100.84 99.7876 101.429 101.218 102.452 101.014 99.1492 98.8612 100.893 100.222 99.3622
OBHIC-AR000194 96.6939 99.3848 95.9932 96.1178 100.576 99.391 103.143 103.324 98.855 96.9762 96.0896 97.7576 96.1566 99.7136
OBHIC-AR000196 97.644 100.536 97.3596 100.811 97.8676 98.3529 97.9956 98.8836 98.5241 98.0916 98.3373 104.169 95.594 104.322
OBHIC-AR000197 98.0599 108.543 114.204 96.173 95.6916 97.719 97.9203 95.5628 95.6797 104.076 94.0941 95.9258 94.2607 99.7578
OBHIC-AR000842 97.6038 96.933 98.2851 100.12 96.3237 95.711 93.3276 96.926 99.1155 98.8417 98.7137 99.7415 95.898 97.6278
OBHIC-AR001042 96.2108 93.3322 96.8347 97.4601 96.3187 95.8431 96.2016 94.0733 96.3978 99.8902 95.961 97.4529 102.172 104.002
OBHIC-AR001043 98.4631 95.6256 97.0643 97.6374 97.943 97.7239 110.075 96.8671 102.799 111.029 94.7518 96.582 99.2633 97.032
OBHIC-AR001044 96.9683 98.3431 95.6966 94.0422 96.7389 94.7314 98.5391 97.4533 110.006 97.9603 93.7722 98.6135 97.8913 95.3742
OBHIC-AR001045 96.5842 96.3081 96.4534 99.7209 98.8366 101.787 97.3811 96.6167 104.103 103.644 98.8267 99.246 99.5397 97.4593
OBHIC-AR001046 98.2265 96.6386 97.8525 96.9508 97.3363 103.778 98.7547 98.1486 99.7951 101.616 102.189 97.4305 96.5828 96.5304
OBHIC-AR001413 97.5374 99.4183 97.8519 98.3115 99.8884 97.9019 98.2914 103.216 97.404 97.3232 99.2281 98.4194 97.0548 98.7109
OBHIC-AR001414 97.6987 97.2224 101.272 103.8 102.637 96.4761 99.1914 99.1011 97.2503 97.9623 96.509 99.733 99.747 98.3039
OBHIC-AR001415 101.152 100.32 99.2037 103.217 101.861 99.6565 98.5663 99.1634 99.2599 100.12 97.7992 99.777 98.328
OBHIC-AR001416 98.5315 98.2789 100.082 98.8302 97.3519 103.543 101.345 100.506 97.8695 96.7781 98.0551 98.5194 97.9087 100.945
OBHIC-AR001417 96.5331 100.316 95.2685 96.6218 98.1525 96.4392 97.5088 97.3714 97.6756 97.021 98.519 97.8465 101.188
OBHIC-BL001234 99.0358 103.814 96.365 97.7922 99.864 99.9516 100.993 99.1113 98.7949 100.086 97.5959 98.3614 97.8661 99.0581
OBHIC-BL001494 99.9066 100.396 97.7349 98.4109 107.067 99.1362 103.366 99.1098 98.2631 98.5232 101.276 99.2503 99.6673 102.632
OBHIC-BL001495 97.2314 99.5516 98.4898 99.0369 99.4687 97.168 99.6678 99.3609 97.0292 94.327 105.544 99.4206 96.9977
OBHIC-BR000350 97.1618 101.397 94.4592 96.8693 97.5334 102.056 96.1194 98.6198 98.0679 96.7207 97.6541 97.8644 95.9254 100.122
OBHIC-BR000668 98.2204 94.4968 96.6616 98.8222 100.77 96.9444 95.6541 96.1189 96.198 110.331 97.4598 97.7652 98.2375 96.1856
OBHIC-AL001026 99.1883 104.251 96.1735 112.45 112.123 96.2624 108.786 97.533 95.7883 97.2919 97.0972 95.6007 97.4365 91.4435
OBHIC-AL001028 97.4886 96.5486 96.0155 97.1087 97.386 96.7216 111.45 95.2637 98.2127 97.1744 98.4004 94.9622 96.4528 96.2633
OBHIC-AL001032 98.6909 100.384 95.2263 97.8812 98.0577 97.6261 98.4398 96.987 99.6975 98.3832 96.5446 98.5233 98.6272 97.0527
OBHIC-AL001034 98.3433 97.604 99.8284 100.313 94.791 97.1778 93.3135 97.6571 97.7076 96.5691 95.0096 97.1853 98.0203 95.1935
OBHIC-AL001275 98.5293 99.4437 99.378 103.57 98.2303 97.1247 97.9985 96.4055 97.9964 96.528 101.706 98.5061 98.6948 101.294
OBHIC-AL001276 99.5476 97.7016 102.176 98.7888 98.4016 98.293 97.1618 98.4425 96.104 97.8008 97.9342 98.3787 97.3931 99.1003
OBHIC-AL001277 99.3504 97.7581 96.7201 97.6958 95.37 98.8732 99.9376 98.489 99.8544 96.9594 95.6649 103.872 103.595 97.3088
OBHIC-AL001279 101.379 99.7544 99.7946 101.518 98.7422 98.3553 99.8342 100.044 102.607 98.5319 98.1012 99.398 98.2038 98.8337
OBHIC-AL001280 97.5466 99.3893 98.1715 101.212 97.0662 98.8349 98.7826 96.1166 103.49 97.9121 97.8726 102.37 100.195 97.6615
OBHIC-AL001281 100.546 97.0356 97.2161 104.242 99.268 98.6964 97.848 98.436 102.758 97.7487 98.0809 101.706 98.1799
OBHIC-AL001282 98.6119 100.149 97.1556 96.4037 102.972 97.2752 96.5518 97.6208 101.665 98.1552 95.1462 97.46 101.299 103.376
OBHIC-AL001285 97.2051 97.9356 96.1689 97.7219 97.6698 99.5024 97.1517 98.5983 100.433 100.52 98.2885 96.1464 98.5012 95.9657
OBHIC-AL001359 96.124 98.152 98.4229 101.949 103.207 98.0772 105.496 96.3773 94.7909 96.5471 98.8015 99.7257 98.0324 97.3023
OBHIC-AL001360 97.519 98.2042 101.295 98.6487 96.9351 98.4571 98.1011 99.3146 98.0552 101.106 97.5653 95.0137 94.8424 98.4464
OBHIC-AL001361 97.8221 97.813 103.981 100.856 98.7375 95.1158 99.5276 96.8402 97.8804 97.6232 97.8521 97.8875 97.4495 99.9852
OBHIC-AL001362 99.1118 94.9235 97.5026 98.4105 95.9539 99.8545 97.1162 96.3284 98.4263 97.3267 104.086 100.044 96.9478 99.112
OBHIC-AL001363 98.2269 97.3264 96.7396 97.6014 97.3788 100.195 99.2581 97.9188 100.786 97.527 98.9796 96.3948 95.774 98.7921
OBHIC-AL001364 103.35 98.9488 99.111 100.465 100.845 98.4203 98.6338 100.568 102.095 96.8776 98.3328 100.516 98.9522 98.9763
OBHIC-AL001365 98.3646 97.4359 98.0888 96.9272 97.9459 97.0413 98.3534 99.8718 96.3108 96.0547 100.747 99.398 96.7145 97.9647
OBHIC-AL001366 99.6616 101.225 101.371 100.672 105.949 101.764 109.441 100.578 102.54 101.341 102.255 101.713 101.735 100.547
OBHIC-AL001367 99.8345 98.0214 96.4549 96.8926 95.7961 96.5346 102.192 101.143 99.9957 101.907 98.278 98.7117 98.2306 98.8753
OBHIC-AL001368 98.1526 98.4906 98.1662 99.4114 100.044 101.938 97.9544 98.6841 97.8607 98.5327 100.827 98.6753 100.559 96.2354
OBHIC-AL001369 98.8741 103.625 101.607 99.5043 99.4361 97.4479 97.2308 99.2943 96.4661 96.3209 98.4158 98.6736 97.02 96.9614
OBHIC-AL001442 100.29 98.7308 100.223 99.2853 96.4053 98.3277 98.1167 96.512 95.5435 98.3014 97.7475 97.2872 95.5042 104.967
OBHIC-AL001443 97.7003 97.1998 100.099 99.7332 96.1608 98.1879 99.1552 96.2858 100.69 97.3082 98.5711 98.7434 97.356 97.4279
OBHIC-AL001444 96.84 97.9628 100.506 99.5717 97.3177 99.0808 98.0959 97.0304 100.098 97.6115 98.8705 98.8474 97.6069 97.9587
OBHIC-AL001445 96.8645 98.7833 97.5656 98.4205 96.772 96.3561 95.8824 97.9243 98.3397 96.4235 97.9684 96.5424 97.9788 98.69
OBHIC-AL001446 102.725 98.748 100.211 96.9028 98.5706 100.208 96.1622 97.9792 99.2976 99.8111 97.801 99.2734 97.9188 102.75
OBHIC-AL001447 96.134 101.119 99.0185 99.2451 100.138 101.26 98.127 97.4976 96.5335 100.573 99.012 97.8706 97.1418
OBHIC-AL001448 100.733 100.191 100.972 98.0004 98.115 97.8537 96.9745 96.7727 97.3037 96.352 97.0123 95.8385 102.595 99.7679
OBHIC-AL001449 101.757 108.167 103.381 103.549 105.358 102.194 104.055 102.191 101.323 102.326 102.371 102.475 104.812 103.242
OBHIC-AL001450 95.7329 101.066 98.5182 97.358 96.9826 98.3265 97.6275 99.3582 99.3187 99.2652 98.5115 95.6844 100.79 98.6652
OBHIC-AL001451 99.2379 99.1365 100.257 96.6502 97.4945 96.62 97.9754 101.697 100.349 101.532 98.204 97.9061 99.6935 97.7603
OBHIC-AL001452 96.6327 100.722 100.46 98.3225 97.3564 98.1881 96.3349 98.5004 96.2094 98.243 97.888 96.7461 104.947 104.177
OBHIC-AL001670 95.3506 105.256 103.052 97.6186 100.314 98.0383 94.4764 98.0899 99.0678 105.635 5 97.9977 98.5473 98.6296
OBHIC-AL001671 97.4207 99.8102 97.4722 101.546 100.151 100.726 100.565 99.1843 98.3794 98.12 96.5163 99.2952 98.6277 100.03
OBHIC-AL001673 97.6304 98.4513 105.771 97.9797 100.256 102.214 98.1401 98.8282 101.739 97.1249 98.475 100.922 99.8405 101.393
OBHIC-AL001674 105.903 113.205 109.894 107.888 114.728 102.258 98.3411 101.915 103.35 114.058 102.743 102.23 103.79 109.757
OBHIC-AL001675 107.759 100.488 98.856 104.279 97.6995 98.2749 97.2812 114.855 104.626 97.9859 106.18 98.1966 97.1161 101.186
OBHIC-AL001738 98.7287 97.7367 103.415 100.638 98.6096 97.781 99.1626 96.8895 107.27 105.397 100.163 97.8952 95.9521 97.6004
OBHIC-AL001739 104.722 103.744 96.4038 99.1002 99.7374 102.546 102.057 99.0297 99.9538 101.655 102.29 97.3118 100.664
OBHIC-AL001740 95.0681 105.171 98.143 97.9675 100.126 98.2019 102.397 99.6091 100.111 99.3619 96.7717 96.4354 94.8744 96.1911
OBHIC-AL001741 102.279 97.2931 99.1085 98.5937 103.163 99.2156 100.08 98.8942 103.334 99.7442 96.0174 96.5415 98.0264 101.678
OBHIC-AL001742 97.9826 98.0797 98.9636 102.401 96.0847 99.6669 99.3919 96.6498 97.5881 95.528 96.3052 96.4415 98.1289 98.616
OBHIC-AL001743 106.625 99.0551 102.791 100.08 110.025 97.305 104.213 100.547 99.931 100.371 99.564 101.333 100.412 102.599
OBHIC-AR000842 97.6038 96.933 98.2851 100.12 96.3237 95.711 93.3276 96.926 99.1155 98.8417 98.7137 99.7415 95.898 97.6278
OBHIC-AR000845 99.6145 99.8231 99.4068 98.8076 98.9339 97.5008 97.1238 98.219 95.6874 98.5005 99.0174 96.1704 99.814 98.2444
OBHIC-AR000846 97.0679 96.1359 101.071 98.2821 96.144 99.4529 98.5345 100.828 98.8082 98.9982 101.966 98.8978 98.9323 97.8516
OBHIC-AR000847 100.095 93.4825 95.5923 99.5972 94.5613 98.1919 94.1644 95.7365 95.1718 105.999 99.0435 96.058 95.765 99.4749
OBHIC-AR000848 95.4707 95.6246 97.4678 96.6098 93.7768 110.506 96.2805 96.2359 96.5789 100.097 96.2793 95.1871 95.4286 94.196
OBHIC-AR001001 107.443 106.758 120.166 105.392 108.539 107.246 106.439 107.967 103.946 108.766 102.244 103.965 108.261 109.565
OBHIC-AR001002 95.7181 113.381 92.9663 95.9068 94.2421 97.5944 95.423 94.5296 110.806 94.9267 98.2936 94.3914 96.1662 99.0412
OBHIC-AR001003 95.9395 96.1417 97.4411 92.0553 96.1096 95.9585 96.7296 96.072 95.7413 92.4503 95.129 96.7956 98.6891 96.5188
OBHIC-AR001004 95.262 95.8076 100.153 98.8105 97.5424 112.46 96.1548 96.9591 95.3911 98.2276 101.147 95.7508 97.7027 106.761
OBHIC-AR001006 94.8622 99.9573 95.442 97.5469 98.6116 96.5945 98.8756 97.8015 96.0681 98.7157 101.238 100.413 98.0404 97.3602
OBHIC-AR001007 97.2006 94.4997 94.3265 95.3201 96.2395 96.9444 95.091 96.1093 97.6716 98.3988 95.7053 97.3457 95.4754 110.268
OBHIC-AR001036 96.5911 112.973 94.0594 97.348 101.523 100.375 97.0057 96.9834 97.2137 96.3804 98.2203 97.0988 92.8415
OBHIC-AR001046 98.2265 96.6386 97.8525 96.9508 97.3363 103.778 98.7547 98.1486 99.7951 101.616 102.189 97.4305 96.5828 96.5304
OBHIC-AR001047 96.8009 98.8785 93.8572 95.6895 96.0925 98.5406 101.253 95.9453 96.8718 95.3797 97.1267 95.54 97.9588 97.2097
OBHIC-AR001051 99.0221 96.1337 98.4843 98.2234 105.957 98.7378 101.647 99.4996 97.4452 102.967 104.938 98.9266 99.1381 97.8888
OBHIC-AR001052 101.076 97.5132 97.5601 97.4158 94.0033 95.5528 93.8941 102.278 94.1489 95.497 95.088 95.4948 94.1652 96.4266
OBHIC-AR001053 101.083 96.3318 96.9447 95.3911 96.7405 101.306 97.1953 97.5971 97.7884 97.0211 95.7819 96.6341 97.4585 94.9078
OBHIC-AR001055 97.4741 94.794 101.096 97.875 96.8762 98.0251 97.773 101.253 97.5378 95.1379 96.279 97.6303 96.405 100.814
OBHIC-AR001407 98.0188 97.7595 96.9186 97.409 100.623 98.6521 98.7315 103.492 96.7219 97.0554 96.4932 99.3983 96.8721 97.9311
OBHIC-AR001408 96.6207 96.8473 100.18 96.7244 100.676 98.0636 103.718 104.528 99.4101 97.2907 95.9358 99.1949 97.4896 97.5343
OBHIC-AR001409 96.4995 98.2472 96.1072 98.683 98.4064 98.0107 96.4441 96.3818 96.0104 101.084 99.5674 100.346 97.7504 97.0941
OBHIC-AR001410 102.499 99.4504 97.3092 100.77 99.1114 98.8406 98.5124 99.9254 101.197 98.0732 100.054 97.6135 98.2617 98.419
OBHIC-AR001411 99.3019 97.388 98.1127 96.0224 97.4303 100.67 97.3976 95.8584 97.5203 97.4789 98.2758 97.3174 99.859 95.9125
OBHIC-AR001417 96.5331 100.316 95.2685 96.6218 98.1525 96.4392 97.5088 97.3714 97.6756 97.021 98.519 97.8465 101.188
OBHIC-AR001419 97.5547 98.9728 95.8201 98.6594 98.0015 96.9325 97.9028 95.0708 96.6313 97.2684 98.6024 98.5825 96.8057 96.6189
OBHIC-AR001421 98.5729 96.1795 96.9937 97.6256 97.2449 98.7622 100.027 98.7758 96.8263 96.282 98.1866 97.0481 98.2082 96.8972
OBHIC-AR001422 111.607 114.363 114.805 112.304 113.695 113.52 112.903 115.229 116.201 114.194 116.878 115.654 111.46 115.008
OBHIC-AR001423 99.288 98.152 94.6316 98.6832 99.3452 96.5348 97.7005 97.4694 100.538 98.7499 101.548 96.7431 98.192 96.5789
OBHIC-AR001889 101.232 103.617 100.948 102.041 99.1857 101.416 100.373 101.924 99.7362 106.496 110.374 104.849 102.592 106.724
OBHIC-BL000926 98.7937 96.1044 97.739 97.1578 97.8872 100.158 98.6888 99.2377 101.494 102.844 95.9285 96.9108 103.694 98.5755
OBHIC-BL000927 98.8095 93.8718 95.1243 114.267 101.65 93.5765 95.2375 96.5075 95.6842 102.335 97.48 97.841 110.273 96.525
OBHIC-BL001196 96.9058 97.8295 104.458 100.696 98.5181 99.7419 98.0378 98.0428 96.1359 98.3593 98.374 99.172 100.708 97.2262
OBHIC-BL001198 101.71 99.3195 97.9937 98.1482 102.166 97.0272 98.5981 97.373 99.4412 103.257 98.3173 96.7331 99.4993 102.192
OBHIC-BL001216 98.6431 96.416 94.3668 97.3063 101.065 99.9856 98.367 97.3059 98.8773 97.9267 99.2791 97.6803 99.6512 98.12
OBHIC-BL001217 96.5836 98.4729 97.0193 99.3609 97.5851 98.5348 96.8122 101.294 96.9683 97.7871 97.5365 97.9125 99.5268 95.902
OBHIC-BR000915 102.003 95.154 94.1625 95.5501 96.4433 115.487 95.5809 98.6154 97.489 95.8947 98.9761 93.5027 96.3458 96.7162
OBHIC-BR000916 96.7153 112.638 93.2544 93.2674 96.105 95.5866 95.0437 99.2385 94.6815 110.053 95.9063 95.0927 96.479 95.6216
OBHIC-BR000928 96.8789 94.2397 96.2095 98.3566 98.8757 99.2936 97.1186 96.2991 96.2305 103.699 97.1699 97.2968 96.8429 109.64
OBHIC-BR000929 97.3153 105.633 96.5884 95.3752 107.638 98.8855 96.3599 100.121 92.4116 96.5656 95.6523 96.5972 107.349 103.491
OBHIC-BR000931 97.7345 95.8682 102.192 98.4712 113.866 93.4116 95.8462 96.669 98.6598 109.672 97.6484 98.6457 107.502 99.6122
OBHIC-BR001227 98.7648 98.0226 98.3435 101.525 100.846 96.5995 98.8923 101.228 96.731 99.8984 97.7119 96.3836 94.7722 97.255
OBHIC-BR001228 98.9621 98.231 100.045 98.9378 97.1869 97.3167 96.3486 97.4137 99.2106 97.0677 95.4333 103.07 102.162 98.6119
OBHIC-BR001229 99.0065 94.6087 96.6531 99.5002 96.1312 99.538 97.3313 95.8271 98.9485 101.13 95.8375 97.5583 96.5687 97.9088
