OBHIC-AL001288 4.28628 4.4068 4.46505 4.17233 4.14352 4.33104 4.29614 4.37343 4.335 4.29608 4.33025 4.22478 4.22469 4.4896
OBHIC-AL001372 4.29724 4.31389 4.32881 4.17337 4.19372 4.29067 4.24038 4.21333 4.22549 4.13042 4.32137 4.20174 4.22284 4.40031
OBHIC-AL001286 4.45143 4.2883 4.4251 4.48047 4.39135 4.31448 4.26215 4.52017 4.31152 4.24767 4.28366 4.46494 4.28807 4.38352
OBHIC-AL001370 5.65175 5.75439 5.52539 5.67265 5.59186 5.59619 5.67387 5.95264 5.61172 5.67621 5.6136 5.57915 5.67989 5.68544
OBHIC-AL001454 4.40818 4.41984 4.41908 4.42703 4.44363 4.47619 4.44422 4.44316 4.43037 4.40441 4.5428 4.48729 4.59455 4.46373
OBHIC-AL001744 4.63307 4.5467 4.3719 4.52076 4.64078 4.46579 4.36317 4.47949 4.42477 4.45185 4.33144 4.43425 4.48395 4.60292
OBHIC-AR001040 4.35081 4.36057 4.34785 4.29686 4.30948 4.40603 4.31305 4.33203 4.29958 4.33226 4.2929 4.31423 4.36249 4.29614
OBHIC-AR001412 4.45679 4.57012 4.5982 4.46003 4.42455 4.41906 4.40555 4.45668 4.43986 4.38021 4.45986 4.53047 4.52406 4.37017
OBHIC-BL001218 4.28922 4.33435 4.49644 4.42395 4.2901 4.33172 4.32534 4.30724 4.56835 4.34841 4.34611 4.51835 4.33774 4.38741
OBHIC-AL001287 4.40678 4.39815 4.32045 4.40177 4.38655 4.656 4.50089 4.51364 4.38241 4.53193 4.51035 4.45361 4.3878 4.37422
OBHIC-AL001288 4.28628 4.4068 4.46505 4.17233 4.14352 4.33104 4.29614 4.37343 4.335 4.29608 4.33025 4.22478 4.22469 4.4896
OBHIC-AL001289 4.31754 4.30871 4.40175 4.20521 4.28056 4.3598 4.4538 4.26019 4.34008 4.24922 4.17296 4.32681 4.3681 4.31473
OBHIC-AL001290 4.53237 4.61833 4.44835 4.4167 4.51255 4.67404 4.45907 4.45731 4.39827 4.61313 4.5693 4.42153 4.42077 4.72557
OBHIC-AL001291 4.21997 4.24055 4.23097 4.17581 4.05902 4.25037 4.30714 4.24347 4.17898 4.0542 4.16757 4.27309 4.23257
OBHIC-AL001371 4.41012 4.19711 4.41116 4.24473 4.37614 4.28814 4.25266 4.19843 4.26506 4.20303 4.26097 4.26552 4.39114 4.28165
OBHIC-AL001372 4.29724 4.31389 4.32881 4.17337 4.19372 4.29067 4.24038 4.21333 4.22549 4.13042 4.32137 4.20174 4.22284 4.40031
OBHIC-AL001373 4.33079 4.2954 4.44098 4.31214 4.28164 4.41419 4.28118 4.38902 4.27363 4.09602 4.3906 4.26805 4.33934 4.31269
OBHIC-AL001374 4.39603 4.33673 4.41852 4.28297 4.28835 4.34768 4.29141 4.35585 4.33947 4.19705 4.23491 4.28798 4.31451 4.38612
OBHIC-AL001441 4.36051 4.41456 4.41749 4.29149 4.31259 4.3875 4.32027 4.37585 4.41272 4.38689 4.35248 4.45649 4.35988 4.27735
OBHIC-AL001455 4.59075 4.53601 4.55721 4.35821 4.39428 4.48368 4.5025 4.36827 4.55141 4.38298 4.39554 4.643 4.66297 4.49532
OBHIC-AL001666 4.51081 4.72318 4.71367 4.83083 4.73006 4.82595 4.8933 4.62177 4.63874 4.77973 4.48663 4.42065 4.52169 4.41565
OBHIC-AL001667 6.03755 6.37461 5.82806 6.07179 5.84764 5.7324 6.01021 5.78227 5.94871 6.46609 7.04132 6.25226 6.34425 6.15364
OBHIC-AL001668 6.24756 6.25342 6.23383 6.16884 6.50977 5.8968 6.16071 5.97038 5.86675 6.40541 5.97803 6.08874 6.13215 5.85554
OBHIC-AL001669 4.43673 4.36702 4.76602 4.66381 4.61016 4.65275 4.73082 4.27359 4.39497 4.37601 4.44136 4.60122 5.18171 4.58937
OBHIC-AL001745 4.64795 4.72673 4.70274 4.68333 4.77641 4.58993 4.52548 4.60062 4.69314 4.62144 4.68538 4.4849 4.77514 4.46353
OBHIC-AR000194 4.20476 4.41944 4.08973 4.06205 4.12776 4.24941 4.36436 4.59531 4.25611 4.09955 4.08195 4.45657 4.50657 4.44496
OBHIC-AR000196 4.21789 4.30958 4.06494 4.24874 4.31561 4.25639 4.19689 4.22544 4.21353 4.18631 4.01161 4.36757 4.04491 4.51179
OBHIC-AR000197 4.04351 4.01263 3.98786 4.00789 3.94422 4.01823 3.97351 3.9933 3.97388 4.02949 4.04756 3.99924 3.99893 4.06974
OBHIC-AR000842 4.34437 4.13851 4.22651 4.49078 4.08699 4.25648 4.28397 4.20221 4.40648 4.16696 4.47055 4.42264 4.20676 4.25976
OBHIC-AR001042 4.09336 4.16733 4.09921 4.1068 4.04151 4.072 4.24717 4.19422 4.07135 4.2133 4.09721 4.16181 4.35897 4.31391
OBHIC-AR001043 4.2429 4.3337 4.30583 4.24363 4.24529 4.26312 4.35689 4.27109 4.22414 4.31076 4.23052 4.29289 4.25693 4.3447
OBHIC-AR001044 4.2869 4.20252 4.19791 4.21597 4.15277 4.28571 4.15858 4.25416 4.13764 4.1284 4.06116 4.26517 4.17347 4.18058
OBHIC-AR001045 4.24739 4.18936 4.2064 4.3931 4.24317 4.27236 4.18194 4.36126 4.38746 4.42597 4.20995 4.28101 4.30203 4.18334
OBHIC-AR001046 4.16812 4.2343 4.29836 4.1245 4.11164 4.45289 4.2033 4.21631 4.2574 4.29592 4.3405 4.17488 4.18464 4.10134
OBHIC-AR001413 4.26719 4.38052 4.29026 4.25464 4.32286 4.2735 4.34463 4.47992 4.38893 4.41161 4.39393 4.3107 4.43625 4.29071
OBHIC-AR001414 4.49159 4.28952 4.2954 4.35724 4.39254 4.28707 4.441 4.32021 4.38396 4.26566 4.311 4.33443 4.2741 4.32534
OBHIC-AR001415 5.67286 5.86705 0.589732 5.80863 5.66069 5.70835 5.88722 5.88643 5.85135 6.049 5.97643 5.88013 5.86946 6.06511
OBHIC-AR001416 4.66855 4.51414 4.52562 4.41145 4.41114 4.66803 4.47542 4.44992 4.45998 4.46884 4.45033 4.59743 4.51693 4.604
OBHIC-AR001417 4.3237 4.43423 4.32887 4.26182 4.26833 4.28292 4.32663 4.33725 4.34464 4.35519 4.41543 4.27578 4.44125
OBHIC-BL001234 4.5705 4.69538 4.60232 4.53182 4.4967 4.50946 4.65942 4.7306 4.82355 4.61253 4.51389 4.49712 4.57404 4.52493
OBHIC-BL001494 4.68924 4.59494 4.4775 4.43266 4.4956 4.48002 4.89117 4.68089 4.37889 4.33085 4.63828 4.85729 4.46715 4.62091
OBHIC-BL001495 4.63809 4.99408 4.68284 4.77726 4.59912 4.49917 4.56563 4.56584 4.56881 4.50716 4.96469 4.58254 4.5404
OBHIC-BR000350 4.0649 4.37261 3.92413 3.94636 4.04406 4.65689 3.95455 4.22142 3.97708 4.04949 3.99601 4.35556 4.10647 4.2306
OBHIC-BR000668 4.11789 4.17622 4.10879 4.22071 4.31232 4.0932 4.18946 4.19402 4.16685 4.24565 4.14883 4.18991 4.20015 4.17813
OBHIC-AL001026 4.21853 4.20723 4.11688 4.05379 4.10844 4.1421 4.22408 4.22623 3.97047 3.94985 4.00941 4.04828 4.13668 4.15885
OBHIC-AL001028 4.34382 4.33831 4.36118 4.33304 4.31519 4.31316 4.34069 4.35276 4.51379 4.32873 4.30215 4.34761 4.33975 4.37039
OBHIC-AL001032 4.2562 4.29616 4.10544 4.23306 4.14971 4.10122 4.21227 4.17607 4.17004 4.09248 4.09551 4.24542 4.17684 4.15252
OBHIC-AL001034 4.10371 4.11879 4.20229 4.08874 4.07035 3.99542 4.10063 4.11706 4.09794 4.16901 4.03675 4.15218 4.13416 4.18461
OBHIC-AL001275 4.42977 4.37287 4.46296 4.6196 4.49375 4.30909 4.35356 4.28137 4.52421 4.26948 4.4522 4.40231 4.4152 4.44048
OBHIC-AL001276 4.31308 4.35963 4.52978 4.26954 4.36639 4.46554 4.30599 4.27622 4.19145 4.48874 4.19336 4.27833 4.31063 4.4667
OBHIC-AL001277 4.47285 4.45046 4.39131 4.50112 4.54737 4.6154 4.45734 4.45256 4.66705 4.3605 4.43153 4.53691 4.7305 4.48372
OBHIC-AL001279 4.28047 4.3028 4.3057 4.43364 4.32504 4.46118 4.5342 4.29837 4.35494 4.4022 4.34005 4.27792 4.22663 4.49605
OBHIC-AL001280 4.24879 4.52429 4.35679 4.38494 4.25476 4.30915 4.4884 4.26286 4.42952 4.38567 4.39074 4.49858 4.44103 4.28483
OBHIC-AL001281 4.33962 4.43565 4.2984 4.45148 4.35246 4.32973 4.34235 4.40232 4.42792 4.31593 4.39106 4.50333 4.32282
OBHIC-AL001282 4.19223 4.30273 4.24839 4.30355 4.47295 4.28982 4.44924 4.31946 4.4305 4.21685 4.23705 4.32117 4.39836 4.5169
OBHIC-AL001285 4.48505 4.40138 4.54734 4.45218 4.34531 4.42109 4.39493 4.44282 4.61564 4.44252 4.30351 4.40484 4.50508 4.34798
OBHIC-AL001359 4.31278 4.23185 4.21219 4.25285 4.31873 4.20962 4.54226 4.2079 4.31666 4.35595 4.33184 4.31728 4.23825 4.36108
OBHIC-AL001360 4.39483 4.30865 4.35883 4.16891 4.208 4.32832 4.28315 4.22631 4.12833 4.32818 4.11141 4.13834 4.22056 4.2278
OBHIC-AL001361 4.21723 4.26687 4.39966 4.31365 4.16072 4.21189 4.51594 4.34938 4.34174 4.2671 4.20857 4.20752 4.18768 4.41013
OBHIC-AL001362 4.45544 4.59686 4.53418 4.52539 4.35358 4.4795 4.40184 4.41476 4.52255 4.53619 4.80894 4.58854 4.64178 4.69287
OBHIC-AL001363 4.22752 4.23749 4.16428 4.2587 4.22896 4.30638 4.361 4.32882 4.50489 4.18388 4.34056 4.21693 4.34403 4.26196
OBHIC-AL001364 4.60801 4.42964 4.29224 4.29905 4.49498 4.4118 4.68494 4.62253 4.79584 4.54541 4.31698 4.51313 4.36671 4.47469
OBHIC-AL001365 4.66991 4.53476 4.70419 4.46729 4.4784 4.49735 4.54725 4.67467 4.66652 4.71017 4.65908 4.71282 4.68943 4.64423
OBHIC-AL001366 4.32035 4.46365 4.38533 4.48959 4.55889 4.37433 4.65459 4.37376 4.50444 4.3321 4.29677 4.59405 4.36548 4.51166
OBHIC-AL001367 4.32917 4.29473 4.41456 4.34535 4.16455 4.12959 4.50913 4.50067 4.41277 4.32902 4.5222 4.3776 4.39094 4.24192
OBHIC-AL001368 4.60946 4.554 4.59687 4.47992 4.4867 4.62386 4.72497 4.70812 4.47865 4.42194 4.61415 4.47287 4.60063 4.64954
OBHIC-AL001369 4.46503 4.88262 4.60306 4.51586 4.625 4.46884 4.45246 4.56238 4.35425 4.47363 4.65667 4.64929 4.49039 4.45295
OBHIC-AL001442 4.19458 4.1858 4.22196 4.12883 4.04306 4.1496 4.24112 4.07875 4.10789 4.13143 4.03754 4.21631 4.19485 4.34703
OBHIC-AL001443 4.46179 4.52631 4.41965 4.54174 4.45432 4.40964 4.47432 4.47186 4.49364 4.41329 4.45077 4.48374 4.43446 4.50541
OBHIC-AL001444 4.43661 4.50671 4.40296 4.51704 4.43614 4.38928 4.44591 4.47583 4.46984 4.39449 4.44834 4.467 4.41942 4.50949
OBHIC-AL001445 4.4236 4.42216 4.56614 4.34367 4.385 4.34301 4.29299 4.43569 4.38152 4.57492 4.33234 4.39679 4.45142 4.49592
OBHIC-AL001446 4.52314 4.37816 4.35042 4.32723 4.36556 4.35424 4.35632 4.36496 4.51395 4.42888 4.38459 4.31638 4.4205 4.48364
OBHIC-AL001447 4.56658 4.70133 4.54208 4.57768 4.55462 4.75449 4.57036 4.59795 4.58525 4.65663 4.63178 4.69177 4.69182
OBHIC-AL001448 4.39735 4.4884 4.44186 4.34123 4.52101 4.34503 4.39285 4.31043 4.40772 4.32837 4.31259 4.32636 4.46264 4.42666
OBHIC-AL001449 4.37072 4.55771 4.3652 4.32814 4.43982 4.36385 4.53355 4.38666 4.34864 4.54346 4.47722 4.39387 4.59293 4.38988
OBHIC-AL001450 4.30933 4.46109 4.29926 4.27376 4.31921 4.31529 4.4021 4.33567 4.43367 4.28167 4.2957 4.31164 4.51833 4.29918
OBHIC-AL001451 4.35186 4.38545 4.42786 4.2947 4.23707 4.38659 4.40109 4.45449 4.28219 4.4468 4.48437 4.41179 4.41038 4.38363
OBHIC-AL001452 4.28444 4.42394 4.34848 4.32042 4.27476 4.32088 4.30678 4.517 4.28884 4.26856 4.27888 4.28809 4.48239 4.37963
OBHIC-AL001670 4.1911 4.59152 4.23526 4.44338 4.44953 4.28281 4.26011 4.37439 4.22232 4.48769 0 4.48812 4.35194 4.53075
OBHIC-AL001671 6.00844 5.89763 5.77116 6.08797 6.1257 6.04684 6.15676 6.04225 6.24317 6.1837 6.14211 6.48984 6.37383 6.57956
OBHIC-AL001673 5.90708 6.10632 6.28381 6.06951 6.15885 6.13465 6.16002 5.74065 6.05555 5.85028 6.13095 5.93983 6.06783 6.27241
OBHIC-AL001674 6.06049 6.06962 5.92093 5.97203 6.11043 6.1134 6.01378 6.06925 6.11672 6.18709 6.07068 6.00566 5.96165 6.37703
OBHIC-AL001675 6.01948 6.39878 5.72884 5.91815 5.71303 5.88031 5.89257 6.16623 6.09778 6.13576 6.00048 5.93845 6.1256 6.42627
OBHIC-AL001738 4.74677 4.45907 4.7074 4.65033 4.40978 4.34243 4.45912 4.46757 4.69808 4.78755 4.48556 4.33773 4.36856 4.58352
OBHIC-AL001739 4.57479 4.40647 4.37093 4.50205 4.42459 4.46459 4.43673 4.30502 4.37902 4.64417 4.41622 4.24694 4.53851
OBHIC-AL001740 4.29655 4.54378 4.52544 4.44652 4.51251 4.5223 4.71661 4.44999 4.50031 4.61274 4.31327 4.26341 4.31562 4.318
OBHIC-AL001741 4.78986 4.46373 4.33113 4.41142 4.62597 4.44836 4.53828 4.52911 4.55762 4.43545 4.40355 4.44045 4.45217 4.52561
OBHIC-AL001742 4.33083 4.36227 4.3427 4.6783 4.38447 4.4174 4.41377 4.32537 4.35757 4.13822 4.21046 4.22833 4.35561 4.28703
OBHIC-AL001743 5.8286 5.71728 6.1594 6.1099 6.15374 6.05253 6.29732 6.147 5.64283 5.9089 6.2097 6.02743 5.9096 5.93019
OBHIC-AR000842 4.34437 4.13851 4.22651 4.49078 4.08699 4.25648 4.28397 4.20221 4.40648 4.16696 4.47055 4.42264 4.20676 4.25976
OBHIC-AR000845 4.38467 4.32721 4.28169 4.18897 4.56161 4.19497 4.2877 4.26066 4.15119 4.16004 4.20929 4.24353 4.32423 4.16968
OBHIC-AR000846 4.1767 4.09411 4.46996 4.1445 4.22259 4.26756 4.11641 4.25867 4.24058 4.21532 4.1648 4.27031 4.11152 4.10299
OBHIC-AR000847 4.55671 4.06802 4.08743 4.19038 4.06631 4.13118 4.15779 4.14852 4.12136 4.10237 4.27886 4.14909 4.1812 4.25182
OBHIC-AR000848 4.11144 4.06522 4.08958 4.05997 4.07204 4.07108 4.10311 4.06537 4.09778 4.11055 4.0358 4.09872 4.11508 4.10758
OBHIC-AR001001 4.16336 4.09237 4.13224 4.03297 4.11008 4.09381 4.06913 4.09216 4.04919 4.16355 4.22918 4.16555 4.17262 4.34431
OBHIC-AR001002 4.0761 4.11261 4.10468 4.11469 4.04421 4.10882 4.11011 4.08593 4.08298 4.06756 4.10214 4.14464 4.08309 4.1922
OBHIC-AR001003 4.02203 3.97504 3.97306 4.15638 3.9734 4.03765 4.04357 4.01519 3.99216 4.0016 3.88499 3.94275 4.03194 3.97937
OBHIC-AR001004 3.99379 3.98176 4.02718 3.99674 3.98618 4.03327 4.0119 3.99335 4.00775 3.99395 4.09125 4.1399 4.04055 4.13823
OBHIC-AR001006 4.2022 4.02692 4.12808 4.11825 4.10477 4.11227 4.21452 4.20901 4.03829 4.0891 4.06948 4.08202 4.01988 4.08628
OBHIC-AR001007 3.97219 3.94483 3.99188 3.93846 3.94254 3.93866 3.9246 3.98135 4.00072 3.94381 3.99061 4.05593 3.97375 4.00139
OBHIC-AR001036 4.24459 4.31251 4.16504 4.21467 4.09064 4.08871 4.08329 4.08343 4.17792 4.26694 4.18084 4.20521 4.11555
OBHIC-AR001046 4.16812 4.2343 4.29836 4.1245 4.11164 4.45289 4.2033 4.21631 4.2574 4.29592 4.3405 4.17488 4.18464 4.10134
OBHIC-AR001047 4.18985 4.00641 4.06341 3.90462 3.89588 4.06058 4.11209 3.99718 3.99835 3.92063 3.97505 4.01473 4.12849 4.11077
OBHIC-AR001051 4.41049 4.4911 4.41103 4.42973 4.70389 4.3673 4.5012 4.44657 4.31752 4.48271 4.54348 4.46863 4.40959 4.34044
OBHIC-AR001052 4.49823 4.22849 4.31956 4.26685 4.36556 4.2265 4.24332 4.54402 4.36822 4.23271 4.208 4.31493 4.26401 4.2696
OBHIC-AR001053 4.35671 4.27974 4.41084 4.31101 4.15925 4.41804 4.30603 4.20442 4.42495 4.42366 4.14699 4.25178 4.32447 4.48978
OBHIC-AR001055 4.32686 4.39541 4.55977 4.25803 4.30474 4.40188 4.32334 4.47902 4.36858 4.22485 4.25586 4.38692 4.34967 4.51643
OBHIC-AR001407 4.4457 4.38828 4.4014 4.38834 4.40913 4.29053 4.33917 4.47826 4.48269 4.40739 4.47279 4.47277 4.46931 4.46008
OBHIC-AR001408 4.34167 4.32135 4.36581 4.25577 4.29222 4.31413 4.47209 4.54905 4.30932 4.30141 4.42866 4.32824 4.30857 4.40853
OBHIC-AR001409 4.4636 4.45894 4.42311 4.5336 4.44769 4.4092 4.44684 4.44521 4.47485 4.63568 4.51347 4.5696 4.43204 4.5951
OBHIC-AR001410 4.931 4.84054 4.78762 4.84428 4.76853 4.79999 4.73868 4.75365 4.71486 4.85802 4.68453 4.64552 4.69627 4.76566
OBHIC-AR001411 4.26126 4.2589 4.23045 4.2441 4.25615 4.25049 4.36331 4.24161 4.33074 4.20681 4.21096 4.26312 4.50498 4.28234
OBHIC-AR001417 4.3237 4.43423 4.32887 4.26182 4.26833 4.28292 4.32663 4.33725 4.34464 4.35519 4.41543 4.27578 4.44125
OBHIC-AR001419 4.57296 4.61501 4.38099 4.39899 4.38562 4.46691 4.50348 4.45482 4.45268 4.36505 4.37874 4.3552 4.41375 4.47421
OBHIC-AR001421 4.27219 4.35146 4.3496 4.36804 4.22702 4.22435 4.33696 4.37 4.32207 4.34204 4.34264 4.36949 4.36052 4.43089
OBHIC-AR001422 6.72704 6.95206 7.03983 7.01408 6.81306 6.82779 6.84015 7.15821 7.01281 6.91899 7.07233 7.03147 6.76224 6.70039
OBHIC-AR001423 4.21974 4.33359 4.22851 4.34878 4.20351 4.2716 4.41306 4.34717 4.45161 4.28758 4.31595 4.34955 4.43051 4.29834
OBHIC-AR001889 6.18926 6.22567 6.04762 5.75668 6.1397 5.89161 5.93934 5.83543 6.26816 5.77913 5.71929 5.81081 5.79945 5.85349
OBHIC-BL000926 4.51822 4.38481 4.35794 4.52138 4.43453 4.53743 4.43897 4.44877 4.49475 4.48022 4.83247 4.33523 4.59229 4.48891
OBHIC-BL000927 4.05233 4.03866 4.0247 3.93315 4.09382 4.03096 4.0041 3.98253 4.07022 4.03867 3.9698 4.06251 4.00029 4.02661
OBHIC-BL001196 4.56319 4.35998 4.50272 4.60331 4.46706 4.31894 4.37215 4.37135 4.52433 4.37185 4.63053 4.56325 4.63231 4.33872
OBHIC-BL001198 4.54735 4.43247 4.34699 4.48507 4.49636 4.42478 4.40868 4.38106 4.57453 4.53817 4.36798 4.41436 4.33001 4.5786
OBHIC-BL001216 4.22533 4.45909 4.24997 4.23842 4.31209 4.31671 4.29328 4.30936 4.2477 4.31387 4.37571 4.40195 4.47315 4.27949
OBHIC-BL001217 4.30718 4.37449 4.296 4.23627 4.39321 4.33892 4.26086 4.37429 4.36648 4.30462 4.41673 4.26961 4.39937 4.31717
OBHIC-BR000915 4.01453 4.04027 3.98311 3.99254 3.98011 3.9722 4.01373 3.95938 4.02196 3.93664 4.03973 3.9487 4.04774 4.03908
OBHIC-BR000916 4.19073 4.11523 4.0788 4.0685 4.05669 4.03153 4.06444 4.21247 4.10564 4.16748 4.07871 4.11178 4.18103 4.23066
OBHIC-BR000928 3.94144 3.95442 3.91095 3.88565 3.91987 3.902 3.9171 3.84845 3.91456 4.01373 3.93964 3.90373 3.9211 4.04711
OBHIC-BR000929 4.12159 4.11959 3.95606 3.8979 4.08158 4.03104 3.94527 4.12546 3.96494 4.00963 3.92837 3.9781 4.11255 4.17261
OBHIC-BR000931 4.34482 4.26137 4.35435 4.33459 4.30597 4.23368 4.27921 4.32542 4.28837 4.32691 4.31112 4.41617 4.3163 4.31956
OBHIC-BR001227 4.24099 4.19911 4.19594 4.40126 4.11669 4.46616 4.46763 4.30872 4.28419 4.21574 4.20089 4.26923 4.25225 4.25815
OBHIC-BR001228 4.48088 4.43049 4.46065 4.37569 4.34501 4.59501 4.39401 4.33279 4.4076 4.323 4.40538 4.48681 4.39945 4.37307
OBHIC-BR001229 4.41647 4.42762 4.34979 4.37759 4.31135 4.3992 4.32167 4.38649 4.31313 4.39023 4.26363 4.26276 4.28377 4.42202
