AL001365 3.1 2.4 2.5 1.6 2.3 2.9 2.5 3.2 1.9 2.5 1.7 3.2 1.7 1.5
AL001282 3.0 2.6 3.5 1.6 2.7 2.2 2.3 2.4 2.6 1.8 2.5 2.0 1.5 1.1
AL001359 2.9 2.3 3.1 1.8 2.2 3.1 1.4 4.4 3.8 1.7 2.0 2.5 2.1 2.7
AL001361 2.9 2.5 2.7 2.3 3.1 2.4 3.1 3.0 2.9 2.2 2.0 1.9 2.6 1.8
AL001362 3.2 2.3 2.4 1.5 2.6 2.1 3.1 4.1 2.5 0.8 1.8 2.3 1.7 2.9
AL001363 2.6 2.3 2.9 2.4 3.1 3.2 3 2.2 2.8 1.8 1.4 2 1.8 3.1
AL001364 3 3.1 3.3 2.4 2.6 2.7 3.3 2.8 3 2.1 1.9 2.4 2.1 2.9
AL001366 3.2 2.3 3.4 1.9 2.5 2.9 1.8 2.4 2.4 1.6 2.8 2.4 1.9 2.3
AL001367 2.7 3.3 3.5 3.2 3.5 1.6 2.7 3.1 2.7 1.8 2.9 2.6 3.8 2.2
AL001368 2.3 4.1 2.7 2.3 2.3 3.2 2.7 3.9 2.6 1.2 2.9 1.2 2 2.3
AL001369 3.1 2.1 3.4 2.8 2.5 3.3 2.8 3.6 2.5 1.7 2.1 2 2.3 3
AL001370 2.8 2.5 3.2 1.2 2.7 2.6 2.4 2.8 3.5 1.8 1.6 2 1.7 1.8
AL001371 2.5 1.7 2.3 1.6 2.9 2.3 2.5 2.9 2.4 2.5 1.8 2.2 2.7 2.7
AL001372 3.2 2.9 3.3 2.2 3.8 3 2.8 3.8 3.7 2.1 3 1.7 2.1 3.1
AL001373 2.7 3.4 3.4 3.1 2.8 3 3.1 2.9 2.4 2.3 2.2 2.7 2 3
AL001441 2.3 4 2.9 3.3 3.2 3.2 2.7 3.1 2.9 2.6 2.3 2.7 1.9 2.2
AL001442 3.3 3.6 3.4 3 3.1 2.8 2.6 3.3 3.2 2.9 2.9 3.3 2.3 2.3
AL001444 2.5 4 3.5 3.9 3.4 3.5 3.5 2.7 3.8 3.6 2.9 3.7 2.3 1.9
AL001445 3.7 3.7 3.4 3.2 3.4 3.6 2.3 3.3 2 2.9 3.6 3.5 2 2.9
AL001446 3.4 2.7 3.5 2.4 2.8 2.9 3.3 3.2 2.6 2.7 2.5 3 2.8 3.8
AL001447 3 3.1 4 4.7 3 3.1 2.9 3.2 3.7 3.3 2.6 2.8 2.2 3.7
AL001448 3.5 3.3 3.2 3.9 3.3 3.7 2.7 3 3.7 2.6 2.1 2.7 2 3.1
AL001449 2.5 3 3.6 3.6 3.8 3.3 3.1 2.4 2.7 3.7 3 3.4 2.5 3.3
AL001450 2.9 3.7 3.4 3.1 2.4 3.2 3.4 3.2 2.8 1.6 3.2 3 2.4 2.6
AL001451 3.5 4.2 3.2 2.7 3.1 3.3 2.6 2.8 3.2 2.8 1.5 4.3 2.5 2.4
AL001452 2.8 3.9 3.9 3.3 3.5 4.5 4 3.3 3.6 2.4 2.6 3.2 3 3.9
AL001453 2.8 2.7 2.9 3.7 3 3.2 2.5 2.7 3.3 2.8 1.9 2.7 2.8 2.9
AL001454 3.5 3.2 3.7 3.7 3.9 3.5 2.6 2.6 2.8 2.9 2.4 4.2 1.7 2
AL001455 3.7 3.3 3.6 3.3 3.1 4.1 3.1 2.7 3.9 3 4.3 4.3 2.5 3
AL001666 2.7 2.8 2.8 2.9 3.8 3.6 2.1 3.4 3.6 2.8 3.1 2.5 2.7 3.3
AL001667 3.1 3.5 3.2 2.3 2.9 2.6 2.5 2.6 2.8 4 3.8 3.6 4.3 3.9
AL001668 3.4 3.6 2.4 4.3 3.2 2.5 3.3 2.7 3.6 3.5 2.3 3.1 3.5 2.3
AL001669 2.9 3.3 3.7 4 2.2 3.9 2.5 3.9 3.4 3.2 2.5 3.2 3.4 3.2
AL001670 3.5 3.5 3.9 2.2 3 3.1 2.9 2.8 3 1.6 2.8 4 2.4 2.4
AL001671 3.7 3.6 3.9 4 3.6 2.8 4.3 3.6 3.7 2.9 2.8 3 4.7 2.3
AL001672 2.8 3.2 2.6 4.4 4.6 4.5 3 4.2 4.3 3.5 3.3 3.6 4 2
AL001673 3.3 4 3.7 4.5 3.8 3.8 3 2.9 3.3 3.1 3.9 3.6 3.3 4.7
AL001674 3.6 3.4 4 3.1 2.9 3.1 2.3 3.3 3.7 2.5 4.3 3.5 3.5 4.3
AL001675 3.8 3.6 3.4 3.5 3.4 3.3 2.2 4.2 2.5 2.8 2 3.3 4.5 3.3
AL001740 3.2 2.9 4.5 3.4 3.4 2.6 2.7 4.1 1.6 2.6 3.1 2.7 4.6 2.8
AL001742 3.9 2.5 4.2 4.6 4.6 4 3 2.3 2.7 2.4 2.6 4.2 3 2.2
AL001743 3.2 3.9 3.1 3.9 3.3 3.8 2.8 3.5 2.4 3.8 3.9 3.7 2.7 2.9
AL001744 3.3 3.1 4.1 3.1 2.5 3.3 2.6 4.3 3.1 2.7 3.1 3.6 3.5 2.7
AL001745 3.8 2.4 4.3 4.1 3.6 3.4 2.5 4.4 3.5 3.8 3.2 3.6 4.4 2.9
AR001407 4.1 3.5 3.1 3.1 3.2 3.5 2.8 3.4 2.5 3.9 3.2 4.7 4.2 2.6
AR001408 2.9 3.8 3.7 2.3 3.1 4.3 2.6 3 2.8 4.2 2.7 2.4 3.3 3.1
AR001409 3.2 2.7 3.1 2.7 3.1 2.9 3.1 3.8 3.6 3.9 3.4 3.8 2.2 2
AR001410 3.7 3.7 3.4 3.2 3.4 3.6 2.3 3.3 2 2.9 2.9 3.6 3.5 2
AR001411 3.6 3.4 2.9 3.5 2.5 3.2 2.7 3.6 3.5 3.4 3.1 3.3 4.6 2.9
AR001412 3.1 3.4 2.9 2.6 3.5 3.3 3.2 4 3.1 2.9 4.4 3.5 4.9 2.7
AR001413 3.9 3.9 3.6 3.4 3.9 4.1 2.8 3.9 3.1 3.4 3.4 3.4 4 3.2
AR001414 3.5 4 4.7 4 3 3.3 3 3.4 3.7 3.7 2.8 3 3.2 3.3
AR001415 3.3 3.1 3.5 2.8 2.8 4.1 2.6 4 2.3 3.3 3.5 3.5 4.3 3.6
AR001416 2.8 2.9 3.8 3.6 3.7 3 2.8 3.1 2.6 2.7 3.3 3.4 5 3
AR001417 3.6 4.2 3.6 3.3 3.8 3.5 3.3 3 3.4 3.2 3.4 3.2 2.8 3.4
AR001418 2.8 3.7 3.8 2 3.1 2.7 2.7 4.3 2.2 3.2 3.4 4.2 3.5 2.2
AR001419 2.9 3 3.7 4 3.1 2.7 3.9 3.6 3.3 3.1 2.8 2.9 4.1 3.5
AR001421 3.2 3.8 3.5 3.6 4 3.4 3 3.1 3.1 2.8 2.9 4.2 3.9 2.9
AR001422 2.9 3 3.5 3.9 2.9 2.9 3.1 3.4 3.7 3.4 2.7 3.4 3.3 2.2
AR001423 3.3 3.2 3.7 2.4 2.7 3.6 2.8 2.8 2.8 3.4 1.2 4 3.8 3.4
AR001440 3 3.7 4.2 2.4 3.1 3.1 3.7 4.4 3.3 3.1 2.3 3.3 3.2 1.9
AR001443 3.4 2.5 3.6 3 3.6 2.9 3.4 3.1 4.2 2.4 2.8 3.6 2.4 3.4
BL001215 1.9 2.4 2.9 2.2 2.1 2.8 3.2 2.9 3.7 1.9 1.8 2.2 2.2 1.1
BL001216 3.5 2.5 3.7 3 2.9 3.8 2.4 3.8 2.4 2.6 2.5 2.3 4.1 1.5
BL001217 2.5 3 2.7 2.4 2.8 2.7 2 3.7 2.3 3 3 2.5 2.7 3.2
BL001218 3.6 3.4 3.4 2.8 3.4 2.9 3.1 3.2 3.6 4.2 2.9 3.6 3.7 2.9
BL001218 3.5 3.1 3.4 2.6 3.4 2.9 2.6 3.2 3.6 4.1 2.9 3.5 3.7 3
BL001234 3.1 3.3 3.3 3.4 3.1 3.4 3.4 3.1 3.3 2.6 3.1 4 3.9 2.4
BL001235 3.6 3.2 3.4 2.3 2.7 2.8 2.8 3 3 3.7 2.1 1.9 3.2 4.3
BL001236 3.3 3.6 4.1 3.3 4.2 3.4 3.2 3.4 3.9 3.8 2.6 4.1 4.2 2.4
BL001227 3.4 3.2 3.6 3 3 2.7 2.5 3.3 3.8 2.7 2.1 3.1 1.7 3.9
BL001228 3.2 3.8 3.5 3.3 3.2 2.8 2.6 3.1 2.4 3.3 2.5 2.9 3.2 3
BL001229 2.2 2.6 3.2 2.9 2.6 3.9 3.5 2.8 2.4 1.9 2.5 2.7 2.7 2.4
BL001230 3.8 2.6 3.2 2.1 2.7 3 2.2 3.4 3.3 3.4 1.6 2.9 4.9 2.2
AL001281 2.6 2.5 2.3 2.2 3.6 2.7 2.8 2.1 3.4 1.6 2.5 2.7 2.3 2